1
1
3
4
5
5
8
13
13
14
14
15
20
21
22
23
24
24
26
26
27
29
30
35
36
36
36
36
37
37
37
37
37
38
42
44
44
47
48
49
49
49
50
50
50
51
54
55
58
59
59
60
61
62
62
64
64
65
65
65
66
67
67
69
69
69
71
71
72
73
74
75
75
76
76
77
77
79
79
80
80
80
80
82
82
85
88
89
89
90
91
92
93
93
93
93
96
96
96
98
99
99
100
100
101
103
104
106
106
107
108
109
111
113
115
117
117
119
119
119
121
125
127
127
128
128
129
129
130
131
132
133
134
135
136
138
138
138
138
140
141
141
143
143
143
143
145
146
147
147
151
153
153
153
153
156
157
157
158
159
160
160
162
163
165
165
166
167
169
169
170
172
172
174
175
175
176
178
179
179
182
182
182
183
183
184
184
185
185
185
186
188
188
188
191
193
196
196
197
198
200
201
201
202
204
204
205
205
206
207
208
209
210
210
210
211
211
214
217
217
218
218
221
222
223
224
224
226
228
229
230
231
232
232
234
237
238
238
238
239
239
240
241
241
246
247
248
251
254
258
259
262
267
270
270
271
272
272
273
273
274
275
277
278
278
281
282
282
284
285
285
286
287
288
289
290
290
291
293
293
295
295
295
295
296
297
297
299
299
299
300
300
302
302
303
309
310
310
312
312
313
314
314
315
315
315
315
317
317
318
318
318
318
319
322
323
323
323
325
325
325
326
329
330
331
332
332
333
334
335
339
342
342
342
342
343
344
345
345
346
348
349
350
350
352
353
353
358
359
360
360
361
362
364
365
366
366
367
368
369
370
373
374
374
376
376
377
379
380
382
382
382
384
384
388
390
392
392
392
393
395
397
397
398
398
399
399
400
400
402
403
405
407
407
407
410
410
411
412
413
413
414
416
417
417
419
420
422
423
423
425
427
428
428
430
431
431
433
435
437
437
438
439
439
440
443
444
444
445
446
447
447
448
448
449
450
451
451
452
452
453
455
459
460
461
462
463
463
464
464
464
465
471
472
472
477
478
478
479
479
479
479
479
480
480
484
484
486
486
486
486
487
487
488
489
490
492
494
494
496
497
498
499
500
500
500
500
501
503
505
505
505
505
506
506
507
507
508
508
509
509
509
510
511
511
511
512
512
512
513
513
513
515
516
516
517
521
522
524
525
528
529
531
534
535
535
536
536
537
538
540
540
540
541
544
544
545
545
545
547
548
549
552
558
559
560
561
562
563
564
565
565
566
566
567
568
568
570
570
570
571
571
571
572
573
574
576
578
578
579
579
581
582
584
585
586
588
590
590
590
590
591
592
592
593
594
595
595
595
595
596
598
598
598
601
601
601
602
602
603
604
604
604
605
606
607
608
608
612
613
613
613
614
615
615
616
616
616
618
619
620
620
626
626
628
630
630
630
631
632
633
634
634
634
635
636
636
638
639
639
640
642
642
642
643
643
648
648
654
654
655
655
657
660
661
664
664
664
666
666
668
669
671
672
673
673
676
677
678
679
679
682
682
682
683
683
684
685
688
689
689
689
689
691
691
692
694
695
695
697
697
698
698
699
700
701
702
702
709
709
710
711
712
713
713
715
715
715
717
718
718
720
721
722
723
724
724
724
732
732
733
734
736
736
736
737
740
741
741
741
742
742
742
743
743
743
744
745
746
747
747
748
749
752
752
754
756
757
758
758
759
761
761
761
762
762
762
763
764
764
764
766
767
767
768
768
769
769
770
771
772
773
774
774
774
774
774
774
774
776
777
777
778
781
781
781
782
782
784
784
787
789
789
790
792
793
794
794
794
794
795
796
796
796
799
800
800
800
801
801
802
802
806
806
807
808
811
811
812
813
813
815
815
816
816
817
819
820
821
822
829
830
830
830
831
834
834
834
835
838
838
841
842
842
843
844
844
845
846
847
847
848
848
848
850
851
853
853
854
856
859
859
861
862
863
863
863
865
866
867
867
868
868
868
871
874
875
876
876
877
879
880
882
882
883
883
884
884
884
885
887
888
888
888
889
889
890
890
891
892
892
893
895
895
895
896
897
897
898
898
901
902
905
907
907
909
911
913
913
914
914
917
919
920
921
921
921
922
923
924
927
927
928
932
932
933
934
937
939
941
941
942
942
942
944
944
946
947
948
948
948
948
950
951
951
951
951
951
952
953
953
957
958
959
960
960
961
961
963
963
967
970
972
972
972
973
973
977
977
977
978
978
979
979
979
980
984
985
985
986
990
991
991
993
995
995
995
996
996
999
